rows
16

columns
22

blocks
wall : [4 1  4 3  1 3], [2 8  2 15  8 15  8 18  15 18  15 5  8 5  8 8  3 8], [8 14  8 12  11 12], [13 12  14 12], {12 10}
tile : [3 9  3 14  4 14], [4 12  4 11], [4 9  5 9  5 14  6 14], [6 12  6 9  7 9  7 14]
grass : {2 5  4 6  6 4  6 5  8 1  9 2  13 2  13 3  14 2  14 3  1 17  2 17  13 19  14 21  14 22  15 21  8 20  10 21}
water : [12 8  12 6  13 6  13 8  14 8  14 7], [8 9  8 11]
flag : {14 6}
baba : {4 10}
rock : {4 13  6 13}

words
t_baba : 1 1
you : 3 1
t_wall: 1 2
stop : 3 2
t_rock: 10 14
push : 10 16
t_flag : 13 14
win : 13 16
t_water : 5 7
sink : 7 7
is : 2 1  2 2  10 15  13 15  6 7
