rows
16

columns
28

blocks
lava : [1 5 1 4 2 4 2 1 3 1 3 2], [16 5 16 1 15 1 15 3], [13 1 14 1 14 2], [1 21 1 27], [2 20 2 26], [3 20 3 25], [4 19 4 25], [5 19 5 24], [6 19 6 24], [7 18 7 24], [8 18 8 23], [9 18 9 23], [10 17 10 23], [11 17 11 22], [12 16 12 21], [13 16 13 21], [14 15 14 20], [15 15 15 19], [16 14 16 19], [16 26 16 28 15 28]
wall : [16 8 16 12 14 12 14 8 15 8], [1 7 7 7 7 13], [5 12 5 13 4 13 4 17 1 17], {13 8 13 12 5 8 8 7 8 9 1 13 3 13}
rock : {6 13}
baba : {2 15}
flag : {11 26}

words
t_wall : 1 1
stop : 1 3
t_lava : 11 13  15 9
hot : 15 11
t_baba : 13 9  4 9
melt : 13 11
you : 4 11
t_rock : 8 8
push : 10 8
t_flag : 13 25
win : 13 27
is : 1 2  15 10 13 10  4 10  9 8  13 26
