rows
14

columns
24

blocks
wall : [5 10 5 7 9 7 9 10], [6 11 2 11 2 12], [2 14 2 20 6 20 6 17], {3 16}, [5 16 7 16 7 14], [8 11 12 11 12 16 9 16]
grass : {2 7 2 8 2 23 10 3 12 3 12 4 13 23 13 22}, [1 6 1 10], [11 2 11 4], [14 24 14 19], [1 22 1 24 3 24]
rock : [1 5  7 5  7 1]
flower : {8 4   2 9   6 23   10 22   11 19   13 17}
skull :  [1 13   8 13   8 24]
baba : {7 9}
flag : {4 18}

words
t_rock : 1 1
stop : 1 3
t_skull : 3 1
defeat : 3 3
t_flag : 5 1
win : 5 3
t_wall : 10 13
stop : 10 15
t_baba : 11 9
you : 13 9
is : 1 2  3 2  5 2  10 14  12 9
